#load("Kun_20170212.RData")
DB <- list()
